 	Area	X	Y	Slice
1	123	425.74	155.28	1
2	138	301.29	222.54	1
3	136	388.68	260.22	1
4	146	30.73	306.48	1
5	102	472.66	339.20	1
6	121	334.12	351.71	1
7	134	97.48	357.57	1
8	121	420.40	389.63	1
9	119	223.95	436.13	1
10	116	460.06	475.02	1
11	127	423.58	161.73	2
12	145	302.36	224.96	2
13	147	383.06	255.11	2
14	154	27.99	308.85	2
15	114	470.84	342.68	2
16	141	99.75	356.17	2
17	133	336.47	355.73	2
18	132	418.82	387.65	2
19	129	214.03	431.13	2
20	119	462.18	476.68	2
21	112	424.20	160.27	3
22	141	299.42	229.88	3
23	136	382.67	259.56	3
24	148	25.59	310.88	3
25	107	470.40	345.07	3
26	128	102.73	356.23	3
27	122	336.08	357.10	3
28	118	418.19	390.10	3
29	125	212.96	426.67	3
30	110	463.81	479.25	3
31	100	429.48	162.16	4
32	131	298.68	234.92	4
33	123	380.82	257.07	4
34	143	21.54	315.47	4
35	82	471.91	343.65	4
36	129	103.94	353.77	4
37	115	334.79	353.30	4
38	106	418.89	390.36	4
39	111	210.36	428.20	4
40	89	462.67	480.38	4
41	117	433.04	159.92	5
42	136	295.42	239.77	5
43	129	382.33	262.00	5
44	144	20.99	318.87	5
45	116	333.16	352.20	5
46	129	107.36	354.03	5
47	116	420.97	390.19	5
48	116	213.45	427.20	5
49	102	457.75	473.56	5
50	132	436.80	155.96	6
51	146	290.95	244.08	6
52	142	380.23	263.22	6
53	147	22.51	320.62	6
54	112	475.11	342.74	6
55	141	107.85	350.66	6
56	129	336.74	352.41	6
57	127	425.41	394.51	6
58	129	211.43	426.59	6
59	123	459.49	473.79	6
60	135	438.94	156.82	7
61	143	290.60	246.37	7
62	142	382.18	267.71	7
63	150	22.04	315.35	7
64	114	471.91	340.85	7
65	131	334.20	352.42	7
66	139	110.92	357.05	7
67	132	425.35	397.76	7
68	132	218.02	427.60	7
69	122	458.02	471.46	7
70	116	433.43	159.63	8
71	139	295.11	252.22	8
72	130	378.55	265.90	8
73	147	22.55	314.11	8
74	116	335.96	353.03	8
75	126	109.06	357.57	8
76	115	424.80	398.88	8
77	111	224.28	427.64	8
78	102	461.80	469.83	8
79	105	436.06	158.56	9
80	135	294.47	254.37	9
81	126	381.81	265.32	9
82	139	21.38	307.46	9
83	124	108.50	357.11	9
84	108	337.23	356.52	9
85	107	424.42	402.19	9
86	106	226.75	428.22	9
87	91	463.21	472.19	9
88	129	436.79	160.03	10
89	139	294.00	257.83	10
90	136	389.22	267.70	10
91	149	18.30	303.02	10
92	124	336.91	355.29	10
93	135	100.59	357.53	10
94	123	424.83	401.61	10
95	123	228.87	428.57	10
96	113	464.13	469.72	10
97	130	432.61	158.82	11
98	147	294.01	261.38	11
99	139	390.64	266.79	11
100	150	19.73	302.43	11
101	110	470.91	337.04	11
102	142	98.58	356.44	11
103	128	330.91	358.90	11
104	126	424.60	398.67	11
105	127	229.77	432.69	11
106	121	464.57	468.50	11
107	126	439.39	156.79	12
108	144	291.50	259.65	12
109	136	392.39	264.59	12
110	150	22.89	302.11	12
111	103	470.22	330.88	12
112	136	95.08	350.26	12
113	119	329.07	365.91	12
114	121	431.89	400.33	12
115	120	229.88	433.15	12
116	111	464.83	468.12	12
117	107	436.11	160.70	13
118	128	293.09	260.33	13
119	125	396.37	262.99	13
120	141	28.24	304.75	13
121	129	94.51	354.45	13
122	113	331.68	367.46	13
123	112	436.26	398.77	13
124	109	230.76	436.72	13
125	95	465.16	469.93	13
126	105	435.79	166.23	14
127	131	293.82	260.34	14
128	125	401.24	267.18	14
129	147	28.81	301.82	14
130	127	96.02	356.24	14
131	114	333.75	361.99	14
132	109	439.75	396.28	14
133	115	229.79	433.92	14
134	103	466.79	470.69	14
135	128	438.69	168.14	15
136	147	290.97	265.92	15
137	136	402.26	269.95	15
138	150	28.20	304.58	15
139	109	477.43	329.98	15
140	137	94.47	353.00	15
141	130	336.89	356.62	15
142	122	437.91	397.38	15
143	127	228.72	435.72	15
144	117	470.32	470.23	15
145	122	439.92	172.70	16
146	139	402.44	265.41	16
147	143	291.87	267.55	16
148	153	26.81	306.94	16
149	109	475.83	335.07	16
150	129	338.72	354.61	16
151	142	92.08	356.06	16
152	121	437.64	398.67	16
153	126	229.24	436.59	16
154	118	473.13	474.52	16
155	105	448.38	173.19	17
156	133	404.83	265.43	17
157	139	293.39	269.71	17
158	146	28.08	308.95	17
159	120	333.48	355.55	17
160	129	93.40	360.09	17
161	115	433.83	399.38	17
162	114	227.85	440.49	17
163	101	469.83	475.96	17
164	107	449.34	171.74	18
165	124	407.04	261.28	18
166	133	295.85	271.76	18
167	143	30.02	310.09	18
168	114	332.28	354.44	18
169	128	88.02	356.97	18
170	107	438.92	402.33	18
171	93	465.59	473.50	18
172	117	450.79	177.29	19
173	137	410.64	264.70	19
174	140	293.23	271.11	19
175	145	32.71	310.70	19
176	101	473.89	332.62	19
177	120	335.10	351.42	19
178	133	87.06	353.24	19
179	113	438.20	400.96	19
180	121	226.36	437.08	19
181	107	462.55	470.84	19
182	126	449.56	177.90	20
183	142	413.85	261.09	20
184	147	292.04	273.19	20
185	153	31.45	314.05	20
186	109	478.30	330.80	20
187	125	341.25	351.28	20
188	138	93.36	356.38	20
189	122	436.76	399.33	20
190	127	225.13	435.78	20
191	117	458.94	473.04	20
192	117	447.57	177.85	21
193	134	412.01	259.60	21
194	142	295.73	275.20	21
195	148	30.07	314.72	21
196	106	475.21	332.29	21
197	125	347.63	349.88	21
198	133	96.47	357.27	21
199	117	433.76	398.88	21
200	120	221.30	432.99	21
201	114	458.04	470.02	21
202	106	445.13	178.50	22
203	124	410.89	257.57	22
204	132	295.56	280.78	22
205	145	27.18	314.73	22
206	113	349.31	346.63	22
207	129	91.97	359.17	22
208	112	435.34	403.05	22
209	108	223.12	437.96	22
210	94	457.57	469.32	22
211	107	445.96	172.82	23
212	128	407.54	255.07	23
213	135	297.74	283.90	23
214	149	26.84	321.08	23
215	99	470.75	333.97	23
216	114	350.11	345.47	23
217	129	95.10	365.33	23
218	114	434.87	401.80	23
219	112	222.38	438.70	23
220	104	456.71	466.01	23
221	140	408.89	248.28	24
222	141	296.63	289.67	24
223	151	29.74	319.80	24
224	110	471.64	335.75	24
225	124	347.30	347.83	24
226	134	100.33	364.31	24
227	123	430.02	399.43	24
228	124	225.29	443.06	24
229	119	452.24	464.65	24
230	123	443.80	170.28	25
231	141	410.18	244.41	25
232	143	299.34	291.77	25
233	149	33.04	321.84	25
234	111	475.81	332.41	25
235	131	350.64	351.45	25
236	137	105.73	366.90	25
237	122	430.12	400.97	25
238	125	224.53	447.13	25
239	125	455.63	458.67	25
240	132	402.64	240.58	26
241	137	300.77	295.14	26
242	145	35.47	324.91	26
243	115	354.26	346.51	26
244	132	106.56	370.25	26
245	113	430.53	406.27	26
246	114	227.46	449.89	26
247	107	456.29	459.75	26
248	100	437.65	172.57	27
249	124	399.36	237.11	27
250	126	304.41	299.71	27
251	146	35.01	323.84	27
252	107	354.17	345.23	27
253	121	109.75	373.64	27
254	105	427.80	404.10	27
255	105	226.22	453.86	27
256	98	458.61	460.92	27
257	131	404.24	238.62	28
258	137	306.30	297.16	28
259	147	35.57	326.18	28
260	97	479.30	331.76	28
261	118	352.42	341.34	28
262	134	106.59	376.35	28
263	116	430.11	403.05	28
264	118	226.12	457.40	28
265	113	459.73	463.86	28
266	122	425.91	174.01	29
267	141	410.81	235.46	29
268	145	304.58	294.64	29
269	153	36.00	326.29	29
270	114	478.26	325.93	29
271	130	355.92	340.71	29
272	138	108.39	381.70	29
273	124	431.44	401.25	29
274	124	231.65	459.71	29
275	121	461.32	467.95	29
276	118	423.99	173.64	30
277	135	413.28	236.85	30
278	141	306.71	295.51	30
279	147	35.86	324.66	30
280	104	478.73	327.41	30
281	128	354.83	337.61	30
282	135	113.69	386.51	30
283	119	432.67	399.05	30
284	118	235.38	459.97	30
285	117	461.28	468.05	30
286	100	421.75	177.76	31
287	125	417.11	238.47	31
288	134	308.25	292.28	31
289	138	37.34	327.28	31
290	112	348.35	336.79	31
291	122	112.92	387.25	31
292	111	433.55	396.10	31
293	107	233.99	461.06	31
294	97	425.18	178.36	32
295	125	416.29	239.48	32
296	135	306.99	293.84	32
297	145	36.81	327.25	32
298	116	345.89	337.01	32
299	125	116.88	388.80	32
300	114	434.88	392.30	32
301	103	460.00	464.78	32
302	116	428.84	173.90	33
303	140	418.09	237.67	33
304	143	302.37	290.89	33
305	146	40.04	325.48	33
306	109	482.99	331.78	33
307	128	346.01	338.05	33
308	133	118.59	387.94	33
309	121	434.20	392.64	33
310	118	237.83	461.25	33
311	116	461.17	467.01	33
312	126	432.97	170.22	34
313	142	420.73	236.04	34
314	145	303.71	289.17	34
315	115	484.08	320.04	34
316	146	41.12	322.42	34
317	130	344.84	342.82	34
318	140	116.34	389.44	34
319	126	433.29	394.05	34
320	124	242.35	464.14	34
321	121	463.29	465.93	34
322	112	437.09	164.04	35
323	131	419.22	233.77	35
324	136	302.41	296	35
325	147	43.18	319.13	35
326	97	479.63	324.65	35
327	123	343.35	346.29	35
328	131	112.10	391.30	35
329	116	434.91	397.31	35
330	112	247.81	464.02	35
331	109	460.95	467.06	35
332	107	438.22	160.87	36
333	126	422.42	233.12	36
334	133	301.29	299.75	36
335	136	46.76	322.67	36
336	108	343.64	345.69	36
337	124	105.48	389.73	36
338	107	440.65	398.77	36
339	100	246.83	461.38	36
340	92	461.50	470.03	36
341	110	437.49	159.56	37
342	136	422.87	237.38	37
343	140	298.01	295	37
344	147	46.02	318.70	37
345	104	478.69	325.16	37
346	118	340.59	345.05	37
347	132	106.20	391.03	37
348	114	438.06	401.29	37
349	110	247.66	461.80	37
350	111	459.94	471.15	37
351	127	434.21	154.13	38
352	144	428.17	236.26	38
353	142	299.25	292.86	38
354	150	46.43	318.03	38
355	112	478.88	323.79	38
356	128	343.98	344.02	38
357	135	106.17	393.62	38
358	124	435.71	398.43	38
359	118	249.68	461.97	38
360	117	457.87	469.24	38
361	127	430.90	156.48	39
362	136	432.46	240.44	39
363	139	294.44	291.49	39
364	154	49.88	315.71	39
365	112	475.01	324.71	39
366	124	345.68	340.88	39
367	136	106.23	396.50	39
368	117	433.55	398.42	39
369	116	250.99	460.33	39
370	116	454.71	467.84	39
371	108	429.19	156.29	40
372	133	432.95	242.41	40
373	136	294.11	289.69	40
374	145	52.03	313.72	40
375	108	350.59	346.32	40
376	127	102.40	395.08	40
377	110	434.47	397.08	40
378	103	251.50	455.64	40
379	102	457.78	470.75	40
380	111	425.91	151.01	41
381	127	435.41	243.87	41
382	136	294.74	288.71	41
383	142	56.43	308.44	41
384	112	356.21	347.67	41
385	131	105.87	392.10	41
386	113	435.16	401.31	41
387	101	458.16	471.06	41
388	124	424.62	149.65	42
389	138	439.69	245.33	42
390	142	294.24	285.67	42
391	149	57.69	307.91	42
392	107	469.41	328.55	42
393	129	364.02	346.74	42
394	133	107.35	390.99	42
395	122	437.57	400.79	42
396	119	249.48	462.12	42
397	116	458.68	469.75	42
398	126	423.71	154.06	43
399	139	441.10	240.58	43
400	144	293.56	286.23	43
401	149	58.82	304.46	43
402	114	472.17	329.87	43
403	127	366.60	347.08	43
404	136	109.26	389.29	43
405	123	438.60	397.47	43
406	119	459.17	465.25	43
407	120	253.14	467.16	43
408	112	425.38	152.45	44
409	132	440.05	238.30	44
410	139	294.33	288.54	44
411	145	61.12	304.11	44
412	105	471.43	331.54	44
413	124	372.32	343.66	44
414	132	109.39	389.59	44
415	114	435.83	394.56	44
416	105	463.64	461.91	44
417	111	251.83	465.00	44
418	102	425.87	150.15	45
419	126	437.65	239.66	45
420	133	291.42	291.94	45
421	141	63.18	301.61	45
422	112	372.95	340.67	45
423	125	106.92	391.75	45
424	107	431.93	393.38	45
425	98	463.26	460.97	45
426	97	246.13	463.61	45
427	115	422.93	152.10	46
428	132	446.19	234.85	46
429	134	291.02	289.90	46
430	147	65.84	300.94	46
431	102	471.98	334.63	46
432	124	371.61	338.94	46
433	120	427.07	393.85	46
434	131	108.86	395.23	46
435	108	464.50	460.06	46
436	105	245.76	461.41	46
437	130	424.56	149.45	47
438	143	445.75	236.44	47
439	142	297.31	289.34	47
440	152	71.81	299.09	47
441	111	470.62	335.02	47
442	133	368.87	340.49	47
443	134	110.32	395.95	47
444	126	431.45	395.90	47
445	124	244.79	460.98	47
446	122	466.24	461.03	47
447	122	419.20	147.49	48
448	138	443.43	234.33	48
449	145	290.45	284.06	48
450	151	70.97	298.41	48
451	108	472.91	328.71	48
452	132	370.88	337.17	48
453	120	432.45	392.83	48
454	134	110.50	400.48	48
455	121	467.72	458.41	48
456	120	247.31	459.70	48
457	99	415.93	147.12	49
458	132	443.60	233.51	49
459	137	291.49	281.01	49
460	143	73.81	301.77	49
461	118	369.92	333.21	49
462	112	428.11	392.66	49
463	124	114.36	401.33	49
464	97	470.76	459.87	49
465	91	413.10	144.65	50
466	131	441.61	238.34	50
467	134	287.19	280.03	50
468	136	78.22	305.52	50
469	97	477.41	329.02	50
470	113	428.12	394.96	50
471	125	116.61	401.15	50
472	106	248.37	455.21	50
473	98	474.13	461	50
474	114	412.06	141.18	51
475	137	442.14	236.30	51
476	142	285.47	279.46	51
477	144	80.08	304.52	51
478	109	474.93	327.03	51
479	129	365.85	330.56	51
480	121	433.38	392.99	51
481	133	110.64	404.16	51
482	118	476.75	457.25	51
483	120	247.08	459.61	51
484	141	408.57	140.21	52
485	144	437.12	237.07	52
486	146	283.78	268.40	52
487	144	80.31	303.64	52
488	115	475.03	326.02	52
489	132	365.68	331.90	52
490	131	435.28	394.00	52
491	135	110.31	405.66	52
492	123	475.85	455.90	52
493	123	245.74	461.52	52
494	110	404.22	143.21	53
495	134	439.37	237.65	53
496	141	279.85	269.87	53
497	146	77.16	306.88	53
498	103	473.03	320.43	53
499	122	364.19	333.46	53
500	120	433.89	397.47	53
501	133	107.51	403.31	53
502	112	474	457.93	53
503	115	248.00	462.20	53
504	97	406.23	144.87	54
505	126	441.53	236.11	54
506	134	282.64	264.30	54
507	132	79.52	307.55	54
508	115	372.47	334.04	54
509	122	106.94	400.02	54
510	107	432.00	400.18	54
511	101	238.70	463.11	54
512	107	411.76	146.75	55
513	131	441.32	236.23	55
514	136	278.49	259.32	55
515	144	75.18	302.92	55
516	122	374.89	333.55	55
517	120	426.98	400.42	55
518	129	108.83	401.45	55
519	110	233.83	458.07	55
520	108	475.34	458.19	55
521	125	412.87	146.92	56
522	142	444.71	242.57	56
523	146	280.26	258.62	56
524	153	76.51	301.02	56
525	115	474.37	328.28	56
526	128	373.26	332.77	56
527	129	427.24	400.20	56
528	137	111.65	401.99	56
529	121	231.69	452.45	56
530	119	474.89	461.74	56
531	122	416.77	146.89	57
532	138	444.99	237.60	57
533	145	282.29	257.50	57
534	146	78.32	303.95	57
535	110	473.78	330.80	57
536	132	372.06	334.08	57
537	127	427.43	400.07	57
538	136	112.57	405.55	57
539	121	236.92	452.20	57
540	120	473.84	456.75	57
541	105	412.94	148.45	58
542	131	445.66	235.18	58
543	136	285.05	256.20	58
544	147	75.94	300.91	58
545	120	370.97	340.93	58
546	119	425.10	399.05	58
547	123	114.62	411.62	58
548	105	232.92	453.68	58
549	101	474.12	456.24	58
550	100	409.93	150.48	59
551	129	449.70	238.30	59
552	137	289.61	252.27	59
553	145	73.25	297.66	59
554	87	474.95	331.95	59
555	115	368.02	339.17	59
556	115	424.41	395.87	59
557	125	113.90	404.10	59
558	106	229.83	450.23	59
559	102	478.93	451.35	59
560	118	412.49	152.97	60
561	139	452.34	236.51	60
562	144	291.78	250.49	60
563	148	75.82	300.29	60
564	106	471.43	331.99	60
565	127	363.78	337.56	60
566	120	420.81	397.48	60
567	134	115.48	400.01	60
568	116	230.78	452.72	60
569	110	479.16	454.04	60
570	122	406.19	155.12	61
571	141	455.37	235.58	61
572	148	292.09	248.99	61
573	148	76.27	304.10	61
574	113	467.33	327.66	61
575	136	371.43	336.06	61
576	127	421.08	394.72	61
577	139	108.73	396.51	61
578	124	233.30	456.73	61
579	123	480.31	458.62	61
580	112	408.29	151.73	62
581	138	454.25	242.05	62
582	140	286.07	247.48	62
583	144	76.97	303.14	62
584	103	468.00	327.76	62
585	125	375.48	338.09	62
586	122	422.28	394.43	62
587	136	108.04	397.43	62
588	119	232.72	452.77	62
589	110	482.96	462.61	62
590	100	408.12	151.26	63
591	136	282.10	240.51	63
592	132	454.50	244.57	63
593	143	79.84	294.79	63
594	114	378.73	340.57	63
595	124	107.94	396.56	63
596	108	424.40	401.57	63
597	96	489.80	465.28	63
598	107	406.11	149.12	64
599	139	284.40	235.35	64
600	136	455	246.72	64
601	147	81.39	292.26	64
602	121	380.75	340.16	64
603	128	109.65	395.59	64
604	118	422.27	397.81	64
605	110	233.68	456.68	64
606	107	489.14	470.86	64
607	124	402.73	149.27	65
608	145	285.88	229.39	65
609	142	455.86	248.46	65
610	151	82.03	295.31	65
611	111	462.77	337.94	65
612	136	378.91	339.64	65
613	125	419.96	395.56	65
614	136	112.39	397.43	65
615	123	234.70	460.91	65
616	122	487.58	469.66	65
617	122	405.91	149.17	66
618	144	283.62	224.99	66
619	141	459.52	247.56	66
620	149	78.79	298.69	66
621	129	377.73	337.41	66
622	105	464.11	341.47	66
623	126	417.69	396.22	66
624	133	110.30	399.73	66
625	122	236.28	456.56	66
626	116	485.85	470.38	66
627	102	404.25	151.69	67
628	133	289.06	219.16	67
629	131	456.85	250.39	67
630	143	75.15	301.63	67
631	118	378.51	336.07	67
632	87	466.74	343.98	67
633	125	107.00	398.44	67
634	112	421.94	398.63	67
635	104	233.56	461.80	67
636	99	486.30	474.01	67
637	99	409.86	149.86	68
638	139	290.21	219.59	68
639	132	458.33	248.76	68
640	138	80.93	298.59	68
641	116	377.63	335.87	68
642	116	426.33	397.26	68
643	124	105.60	403.10	68
644	101	237.90	471.47	68
645	101	483.43	474.98	68
646	122	411.73	150.01	69
647	142	290.31	219.36	69
648	139	460.45	252.14	69
649	155	81.22	293.91	69
650	130	376.22	336.28	69
651	102	466.81	344.52	69
652	129	429.62	396.60	69
653	132	106.16	403.82	69
654	117	246.22	472.88	69
655	117	481.73	476.09	69
656	131	411.36	156.06	70
657	146	294.65	220.32	70
658	143	457.56	247.33	70
659	154	76.67	286.65	70
660	128	382.51	337.80	70
661	112	468.73	346.62	70
662	138	102.45	397.62	70
663	129	429.28	397.54	70
664	123	247.55	469.39	70
665	124	483.51	478.05	70
666	110	403.04	156.08	71
667	139	294.87	216.95	71
668	136	455.23	238.82	71
669	143	75.44	287.58	71
670	125	381.05	337.82	71
671	131	103.97	388.89	71
672	122	431.70	395.35	71
673	111	483.12	477.65	71
674	92	401.74	157.82	72
675	136	292.96	218.93	72
676	126	459.73	239.13	72
677	144	76.88	287.72	72
678	113	377.20	335.22	72
679	124	99.81	386.41	72
680	107	429.57	393.87	72
681	89	484.87	478.44	72
682	104	400.98	162.42	73
683	140	291.78	213.81	73
684	132	462.55	238.48	73
685	142	71.62	288.65	73
686	121	374.58	337.05	73
687	98	473.06	362.64	73
688	128	97.57	383.93	73
689	114	431.79	390.08	73
690	109	248.91	472.28	73
691	105	482.23	480.24	73
692	120	403.36	163.32	74
693	148	291.36	209.09	74
694	143	463.26	237.48	74
695	153	75.19	286.16	74
696	128	376.51	340.46	74
697	114	473.76	362.61	74
698	141	100.07	384.98	74
699	127	429.37	390.50	74
700	122	248.35	471.91	74
701	114	476.80	484.33	74
702	115	400.67	163.79	75
703	147	289.23	208.66	75
704	145	466.85	239.18	75
705	150	74.84	281.38	75
706	132	379.07	342.46	75
707	111	475.87	364.84	75
708	135	105.24	385.33	75
709	129	424.62	392.97	75
710	118	247.28	471.88	75
711	119	475.58	484.48	75
712	101	400.01	162.75	76
713	137	282.29	206.29	76
714	133	462.61	235.87	76
715	146	76.81	280.55	76
716	116	383.78	338.59	76
717	130	104.77	390.39	76
718	115	426.33	395.15	76
719	105	247.56	472.60	76
720	96	474.89	484.66	76
721	90	403.14	159.41	77
722	137	282.09	205.20	77
723	129	457.46	230.76	77
724	142	80.45	285.37	77
725	119	378.36	334.58	77
726	120	107.97	394.93	77
727	112	423.59	397.74	77
728	102	249.42	469.19	77
729	95	467.48	483.90	77
730	107	404.86	160.93	78
731	146	276.43	203.75	78
732	137	460.48	228.99	78
733	151	81.87	284.53	78
734	125	381.89	334.64	78
735	103	479.11	358.34	78
736	131	109.13	398.32	78
737	120	420.37	398.02	78
738	116	250.12	467.17	78
739	114	463.99	481.10	78
740	120	412.52	158.73	79
741	149	271.71	209.49	79
742	142	467.86	232.77	79
743	153	82.89	284.51	79
744	132	385.33	335.56	79
745	113	479.39	360.18	79
746	137	108.24	397.96	79
747	126	421.25	398.67	79
748	119	251.20	466.14	79
749	123	469.43	484.73	79
750	114	410.19	154.31	80
751	146	267.25	209.92	80
752	134	467.78	229.81	80
753	152	87.36	279.96	80
754	125	383.52	331.06	80
755	101	480.47	357.32	80
756	123	418.87	393.83	80
757	130	106.22	397.87	80
758	109	255.59	463.93	80
759	108	470.72	482.62	80
760	138	267.46	204.18	81
761	130	476.18	230.50	81
762	142	87.66	274.96	81
763	114	381.12	331.47	81
764	109	417.57	395.89	81
765	129	108.52	397.84	81
766	98	253.18	462.70	81
767	96	472.97	484.39	81
768	108	415.90	156.39	82
769	140	267.54	202.29	82
770	132	481.10	230.09	82
771	147	86.11	271.27	82
772	118	375.27	332.10	82
773	114	414.16	392.60	82
774	129	112.10	398.48	82
775	106	255.27	465.83	82
776	107	473.89	483.72	82
777	123	418.69	156.52	83
778	145	268.33	194.12	83
779	143	480.33	227.73	83
780	148	88.53	270.53	83
781	132	374.36	331.68	83
782	112	476.76	360.14	83
783	127	416.51	390.15	83
784	138	114.17	399.60	83
785	123	259.07	463.91	83
786	120	475.02	482.30	83
787	120	416.28	158.73	84
788	144	269.32	190.44	84
789	138	475.59	227.96	84
790	146	90.44	271.29	84
791	127	375.48	329.30	84
792	112	475.70	358.04	84
793	123	416.45	391.22	84
794	135	119.38	401.54	84
795	115	257.04	466.07	84
796	117	472.02	484.71	84
797	102	416.98	157.30	85
798	141	271.80	187.49	85
799	127	476.52	230.06	85
800	145	88.73	273.60	85
801	119	378.67	330.31	85
802	85	476.28	363.62	85
803	116	418.69	390.22	85
804	126	119.52	405.37	85
805	105	259.13	467.68	85
806	104	472.31	485.76	85
807	102	412.81	157.84	86
808	137	275.47	185.65	86
809	124	479.63	223.37	86
810	143	93.84	277.06	86
811	118	380.57	329.54	86
812	111	418.30	392.79	86
813	125	118.25	403.29	86
814	102	262.03	467.25	86
815	95	470.57	487.67	86
816	115	413.67	154.83	87
817	145	279.42	187.84	87
818	136	480.57	221.85	87
819	150	88.01	281.51	87
820	129	380.44	327.80	87
821	106	486.89	367.98	87
822	123	421.50	394.30	87
823	133	116.07	397.45	87
824	117	258.92	467.09	87
825	113	468.98	493.21	87
826	123	414.04	151.48	88
827	150	281.21	185.16	88
828	143	484.95	224.75	88
829	155	85.91	283.43	88
830	129	382.52	323.88	88
831	108	487.04	374.44	88
832	131	420.70	393.29	88
833	136	117.39	394.54	88
834	119	259.86	467.79	88
835	122	466.80	489.96	88
836	107	413.67	156.57	89
837	142	282.96	183.79	89
838	133	483.65	219.78	89
839	148	89.01	286.08	89
840	125	384.31	323.24	89
841	98	489.65	379.33	89
842	119	421.40	393.57	89
843	130	116.82	396.95	89
844	112	261.96	470.52	89
845	112	467.12	488.43	89
846	97	414.52	161.29	90
847	134	280.34	183.26	90
848	132	486.89	216.95	90
849	140	90.44	289.21	90
850	117	381.78	323.61	90
851	115	422.43	396.01	90
852	121	113.62	398.86	90
853	104	267.84	472.32	90
854	91	468.10	488.24	90
855	109	415.89	164.47	91
856	140	281.66	184.94	91
857	132	486.80	215.94	91
858	144	87.33	288.30	91
859	124	379.09	330.64	91
860	91	490.53	379.91	91
861	113	417.03	398.62	91
862	127	110.71	402.56	91
863	108	271.01	476.27	91
864	107	468.35	487.95	91
865	121	416.17	167.07	92
866	149	279.80	182.73	92
867	141	487.37	214.49	92
868	155	85.80	290.87	92
869	128	373.81	331.04	92
870	106	487.15	375.53	92
871	124	416.69	398.60	92
872	138	111.08	407.12	92
873	122	278.39	474.07	92
874	123	470.70	489.94	92
875	123	411.61	164.75	93
876	149	276.89	183.79	93
877	137	488.93	216.51	93
878	153	87.17	291.96	93
879	132	373.14	331.14	93
880	109	486.68	372.05	93
881	123	422.41	394.89	93
882	136	117.72	412.49	93
883	121	277.90	474.11	93
884	120	471.14	489.40	93
885	93	410.44	160.21	94
886	140	274.98	186.64	94
887	126	497.25	219.80	94
888	142	89.59	293.66	94
889	121	370.82	333.53	94
890	86	489.98	370.78	94
891	114	424.40	394.62	94
892	125	116.24	414.28	94
893	108	278.21	475.06	94
894	95	473.30	489.51	94
895	85	410.56	158.58	95
896	136	267.72	185.97	95
897	124	494.25	216.05	95
898	141	87.52	291.55	95
899	114	368.07	332.18	95
900	112	424.20	395.64	95
901	118	118.02	413.82	95
902	100	275.40	478.95	95
903	104	410.72	160.08	96
904	144	259.62	191.70	96
905	134	492.31	217.28	96
906	143	89.44	291.44	96
907	124	371.02	331.24	96
908	119	423.76	397.11	96
909	130	122.05	418.91	96
910	116	272.02	482.97	96
911	114	471.78	485.26	96
912	125	415.82	153.83	97
913	150	255.47	192.83	97
914	142	495.37	217.50	97
915	154	90.73	290.10	97
916	134	368.93	333.07	97
917	115	492.57	368.33	97
918	127	419.29	397.95	97
919	139	122.36	420.55	97
920	120	469.81	484.79	97
921	121	277.42	490.21	97
922	112	412.98	153.41	98
923	145	253.73	190.05	98
924	136	493.12	218.29	98
925	148	89.62	289.41	98
926	128	370.36	333.46	98
927	103	495.67	365.89	98
928	122	417.12	397.50	98
929	131	121.85	420.61	98
930	116	472.47	478.70	98
931	112	277.96	494.73	98
932	95	413.09	152.12	99
933	135	253.43	189.52	99
934	128	498.50	215.56	99
935	143	88.20	289.26	99
936	112	372.83	339.45	99
937	107	422.72	395.96	99
938	117	126.05	419.89	99
939	99	474.37	478.92	99
940	109	419.14	153.81	100
941	141	253.04	187.11	100
942	125	499.47	211.62	100
943	145	90.19	286.66	100
944	113	373.24	337.93	100
945	115	423.54	399.47	100
946	122	125.16	419.88	100
947	105	475.02	478.28	100
948	107	277.80	494.14	100
949	124	420.52	151.23	101
950	145	248.74	188.19	101
951	137	498.35	209.83	101
952	150	91.28	288.27	101
953	127	374.72	338.93	101
954	109	494.76	360.89	101
955	128	428.30	403.66	101
956	134	117.75	420.02	101
957	119	476.02	476.63	101
958	119	276.89	491.17	101
959	128	426.34	150.43	102
960	147	250.94	189.29	102
961	149	502.76	209.80	102
962	147	89.96	294.96	102
963	130	375.58	332.82	102
964	115	492.05	362.83	102
965	125	427.44	401.83	102
966	138	118.74	417.08	102
967	121	475.04	477.90	102
968	124	281.67	498.45	102
969	111	424.35	149.33	103
970	142	251.96	188.50	103
971	127	499.26	215.59	103
972	145	87.55	297.74	103
973	116	373.87	331.27	103
974	96	491.40	364.72	103
975	114	428.50	401.61	103
976	127	122.75	415.26	103
977	104	477.11	478.84	103
978	103	283.73	501.95	103
979	138	246.86	187.63	104
980	125	498.66	213.06	104
981	140	90.52	301.28	104
982	114	374.97	333.36	104
983	110	428.01	398.96	104
984	123	120.46	414.85	104
985	93	476.63	478.69	104
986	100	282.76	497.01	104
987	119	423.59	145.83	105
988	141	246.42	187.55	105
989	131	497.00	212.75	105
990	144	88.13	302.94	105
991	127	378.98	336.47	105
992	105	501.16	365.12	105
993	120	428.84	396.88	105
994	129	118.30	414.16	105
995	111	476.14	474.89	105
996	112	280.02	496.24	105
997	126	424.86	142.93	106
998	147	247.96	187.93	106
999	141	498.42	211.96	106
1000	146	84.88	305.47	106
1001	130	384.55	335.59	106
1002	111	506.06	362.61	106
1003	127	425.36	399.86	106
1004	138	111.99	411.99	106
1005	120	475.08	475.98	106
1006	122	281.30	497.54	106
1007	119	423.89	146.29	107
1008	142	245.81	194.47	107
1009	129	497.78	217.49	107
1010	142	87.61	303.70	107
1011	127	384.73	334.30	107
1012	100	509.86	362.06	107
1013	122	422.30	398.91	107
1014	129	107.46	411.75	107
1015	116	474.22	475.84	107
1016	112	282.01	496.08	107
1017	136	246.67	193.62	108
1018	119	499.67	213.58	108
1019	136	85.54	305.23	108
1020	117	384.12	333.80	108
1021	107	423.70	397.45	108
1022	123	106.26	414.04	108
1023	99	475.34	476.99	108
1024	114	419	142.58	109
1025	141	246.47	197.48	109
1026	128	502.55	208.88	109
1027	140	90.46	303.03	109
1028	119	385.58	335.68	109
1029	110	420.44	398.87	109
1030	127	100.47	409.26	109
1031	104	479.80	475.04	109
1032	146	239.68	201.68	110
1033	140	500.41	212.33	110
1034	149	86.90	303.76	110
1035	129	389.17	341.50	110
1036	110	510.14	349.02	110
1037	122	415.02	398.43	110
1038	134	95.82	405.70	110
1039	123	483.44	478.71	110
1040	118	278.85	502.95	110
1041	120	427.73	146.08	111
1042	143	235.67	201.29	111
1043	137	499.10	214.33	111
1044	148	86.11	299.77	111
1045	130	383.54	341.76	111
1046	111	509.51	346.47	111
1047	124	413.07	399.59	111
1048	135	95.70	400.78	111
1049	116	487.21	482.86	111
1050	122	282.47	506.27	111
1051	110	428.72	145.20	112
1052	136	235.59	207.18	112
1053	127	494.48	212.93	112
1054	140	80.86	298.49	112
1055	120	381.66	342.37	112
1056	96	508.24	343.02	112
1057	129	98.44	395.23	112
1058	112	412.96	401.65	112
1059	103	486.91	482.44	112
1060	101	284.14	502.51	112
1061	104	426.54	141.17	113
1062	135	231.38	206.88	113
1063	123	495.09	206.74	113
1064	137	78.57	303.51	113
1065	114	381.38	345.53	113
1066	123	98.27	395.38	113
1067	115	412.58	402.36	113
1068	115	424.09	134.54	114
1069	144	231.22	206.76	114
1070	134	495.72	209.02	114
1071	141	79.66	305.41	114
1072	105	506.50	343.01	114
1073	121	386.49	344.15	114
1074	132	97.24	394.30	114
1075	118	414.18	402.71	114
1076	103	494.29	487.77	114
1077	110	287.95	500.66	114
1078	141	497.19	205.70	115
1079	148	230.76	211.72	115
1080	153	75.97	307.80	115
1081	115	509.14	337.60	115
1082	130	384.74	342.54	115
1083	139	96.38	395.34	115
1084	128	421.26	401.95	115
1085	120	493.28	483.74	115
1086	123	291.43	500.05	115
1087	117	429.53	134.40	116
1088	133	500.28	206.25	116
1089	144	227.44	214.62	116
1090	143	77.05	310.93	116
1091	107	509.48	340.55	116
1092	122	383.80	344.76	116
1093	133	98.42	395.65	116
1094	116	420.18	400.09	116
1095	109	494.67	484.19	116
1096	115	292.56	498.46	116
1097	96	431.05	133.23	117
1098	123	496.38	212.28	117
1099	136	228.44	216.38	117
1100	138	80.16	312.88	117
1101	117	389.81	346.45	117
1102	126	102.03	396.40	117
1103	114	421.90	401.55	117
1104	96	288.88	498.68	117
1105	128	490.55	210.93	118
1106	142	225.71	219.32	118
1107	141	78.34	312.24	118
1108	91	499.53	342.98	118
1109	118	393.18	347.08	118
1110	122	103.01	395.73	118
1111	112	423.35	398.86	118
1112	96	493.18	482.75	118
1113	104	285.89	493.88	118
1114	130	428.12	132.26	119
1115	140	494.84	213.59	119
1116	146	222.18	217.95	119
1117	145	80.69	312.98	119
1118	108	498.95	344.33	119
1119	129	392.96	347.41	119
1120	134	105.40	393.78	119
1121	125	426.11	400.00	119
1122	114	492.48	480.68	119
1123	121	289.38	495.00	119
1124	126	425.71	133.30	120
1125	141	498.05	212.83	120
1126	148	222.93	219.28	120
1127	149	82.73	312.86	120
1128	129	392.71	343.59	120
1129	114	499.35	346.01	120
1130	138	108.17	390.90	120
1131	127	429.02	398.11	120
1132	117	494.83	471.56	120
1133	122	287.39	503.50	120
1134	106	424.55	130.95	121
1135	129	494.93	207.93	121
1136	142	221.65	222.60	121
1137	138	83.34	312.19	121
1138	121	396.34	345.93	121
1139	98	491.57	347.18	121
1140	128	112.52	392.52	121
1141	118	425.09	401.71	121
1142	104	423.18	133.11	122
1143	120	502.41	206.48	122
1144	138	221.47	225	122
1145	140	84.92	312.84	122
1146	110	397.69	342.73	122
1147	121	113.84	390.71	122
1148	105	422.97	407.27	122
1149	84	490.24	471.39	122
1150	110	425.88	131.48	123
1151	132	502.62	207.36	123
1152	141	221.77	221.90	123
1153	143	86.65	310.30	123
1154	122	395.75	340.16	123
1155	101	487.34	349.79	123
1156	133	117.40	391.30	123
1157	114	425.11	409.96	123
1158	109	487.73	469.24	123
1159	110	281.28	499.35	123
1160	127	424.37	134.10	124
1161	139	500.49	207.72	124
1162	147	224.47	222.41	124
1163	146	87.94	307.32	124
1164	130	393.58	339.05	124
1165	113	491.67	343.94	124
1166	137	116.93	391.86	124
1167	124	427.32	411.65	124
1168	122	483.11	471.87	124
1169	122	275.70	501.40	124
1170	111	419.09	127.35	125
1171	137	498.46	205.72	125
1172	149	223.17	224.18	125
1173	144	89.41	302.57	125
1174	126	390.93	336.27	125
1175	110	491.28	339.45	125
1176	132	112.34	387.43	125
1177	123	427.44	413.78	125
1178	118	475.69	473.82	125
1179	116	280.03	497.83	125
1180	107	421.01	121.76	126
1181	126	499.52	209.51	126
1182	139	222.79	222.55	126
1183	140	91.99	303.93	126
1184	119	392.26	338.04	126
1185	129	115.48	388.67	126
1186	109	428.18	413.70	126
1187	97	480.89	472.44	126
1188	100	280.03	496.36	126
1189	100	422.59	125.88	127
1190	128	501.72	210.43	127
1191	140	221.56	223.40	127
1192	138	89.54	305.42	127
1193	114	395.94	334.40	127
1194	130	114.18	391.79	127
1195	113	431.57	412.41	127
1196	99	484.31	465.27	127
1197	121	424.37	121.27	128
1198	133	503.51	207.87	128
1199	146	218.89	226.17	128
1200	144	86.33	305.47	128
1201	132	394.87	331.17	128
1202	110	486.27	336.88	128
1203	138	118.56	391.21	128
1204	121	430.63	408.92	128
1205	117	487.82	465.35	128
1206	122	273.77	503.51	128
1207	120	426.82	124.98	129
1208	142	504.42	206.48	129
1209	149	216.74	223.51	129
1210	144	86.97	306.96	129
1211	130	392.36	331.35	129
1212	108	485.89	334.16	129
1213	136	120.46	391.55	129
1214	122	437.98	411.15	129
1215	119	490.44	461.51	129
1216	121	277.28	505.56	129
1217	109	430.17	127.70	130
1218	132	505.12	210.58	130
1219	137	214.82	223.41	130
1220	140	87.31	313.50	130
1221	119	392.69	334.47	130
1222	95	488.66	335.79	130
1223	126	119.13	393.56	130
1224	116	438.23	410.67	130
1225	100	490.25	461.66	130
1226	111	276.61	504.46	130
1227	105	428.66	125.86	131
1228	128	502.02	213.54	131
1229	138	218.01	221.85	131
1230	138	89.22	315.66	131
1231	116	391.05	333.23	131
1232	123	118.97	391.22	131
1233	109	440.04	414.61	131
1234	111	429.42	124.29	132
1235	136	497.20	214.87	132
1236	145	218.20	224.66	132
1237	141	95.22	314.64	132
1238	127	386.48	330.93	132
1239	103	481.74	332.93	132
1240	129	118.51	384.90	132
1241	117	443.03	414.83	132
1242	113	490.04	466.73	132
1243	115	282.46	513.06	132
1244	123	425.22	125.40	133
1245	142	494.84	216.24	133
1246	146	217.58	225.29	133
1247	151	94.10	310.08	133
1248	115	479.09	327.07	133
1249	133	388.18	328.30	133
1250	138	113.59	381.51	133
1251	128	443.96	415.11	133
1252	121	492.10	462.76	133
1253	123	284.65	517.52	133
1254	118	426.73	121.89	134
1255	137	493.90	212.32	134
1256	148	218.37	227.88	134
1257	141	95.41	310.50	134
1258	106	478.64	323.86	134
1259	126	384.57	332.54	134
1260	132	111.52	377.55	134
1261	120	444.81	409.08	134
1262	114	499.25	464.26	134
1263	115	285.60	517.04	134
1264	98	421.88	120.38	135
1265	123	496.33	210.52	135
1266	136	220.76	223.19	135
1267	134	97.54	309.54	135
1268	118	379.47	332.82	135
1269	125	111.66	376.46	135
1270	110	445.96	407.74	135
1271	92	497.16	467.41	135
1272	96	281.53	516.58	135
1273	103	420.34	123.67	136
1274	128	492.26	208.83	136
1275	139	223.35	223.33	136
1276	134	94.51	307.51	136
1277	94	476.39	327.01	136
1278	118	379.82	332.54	136
1279	123	111.90	375.52	136
1280	109	442.45	408.91	136
1281	96	497.50	464.42	136
1282	96	284.28	516.79	136
1283	123	423.91	121.16	137
1284	138	490.46	205.52	137
1285	143	225.53	225.65	137
1286	143	95.65	304.91	137
1287	104	476.14	327.89	137
1288	127	382.65	329.85	137
1289	135	108.75	370.31	137
1290	125	446.38	406.45	137
1291	111	494.96	468.15	137
1292	115	286.09	516.58	137
1293	125	426.11	127.13	138
1294	146	497.32	199.97	138
1295	148	221.61	226.19	138
1296	146	98.66	304.17	138
1297	110	471.31	326.13	138
1298	132	381.56	331.69	138
1299	142	108.15	370.38	138
1300	132	447.61	407.35	138
1301	121	497.43	471.02	138
1302	119	287.03	516.17	138
1303	114	425.39	126.73	139
1304	127	492.89	202.28	139
1305	141	216.20	229.24	139
1306	137	101.57	305.56	139
1307	123	379.74	325.43	139
1308	95	469.34	330.01	139
1309	130	109.54	368.97	139
1310	122	449.88	408.62	139
1311	101	493.16	468.35	139
1312	104	280.98	519.34	139
1313	98	422.76	127.05	140
1314	119	497.08	206.67	140
1315	133	216.39	229.03	140
1316	135	101.20	304.40	140
1317	116	381.41	325.10	140
1318	124	113.79	370.90	140
1319	109	451.06	408.55	140
1320	85	283.22	523.21	140
1321	116	423.45	128.17	141
1322	128	498.80	203.58	141
1323	142	218.99	228.64	141
1324	135	104.46	304.50	141
1325	125	381.16	325.63	141
1326	128	113.07	374.59	141
1327	123	451.40	409.73	141
1328	107	281.68	526.32	141
1329	133	422.94	128.72	142
1330	140	498.39	204.03	142
1331	145	220.96	231.20	142
1332	144	105.83	307.67	142
1333	130	381.69	321.25	142
1334	113	466.46	333.23	142
1335	134	110.65	379.95	142
1336	134	452.65	411.35	142
1337	123	487.60	465.60	142
1338	121	282.00	527.33	142
1339	121	416.71	127.20	143
1340	139	500.41	206.52	143
1341	149	222.89	231.78	143
1342	144	109.88	306.85	143
1343	128	378.88	320.54	143
1344	110	470.53	332.32	143
1345	135	111.96	383.70	143
1346	127	453.17	411.09	143
1347	118	490.92	462.68	143
1348	111	280.32	529.29	143
1349	101	414.49	125.86	144
1350	131	503.55	210.77	144
1351	140	222.39	233.41	144
1352	135	108.40	305.66	144
1353	119	381.15	314.14	144
1354	128	108.37	378.09	144
1355	110	456.23	411.22	144
1356	99	490.03	462.64	144
1357	101	412.04	124.90	145
1358	129	505.34	206.67	145
1359	139	223.17	231.24	145
1360	137	113.21	304.37	145
1361	119	379.58	310.96	145
1362	96	469.85	330.80	145
1363	124	110.59	376.84	145
1364	110	458.01	412.67	145
1365	97	491.02	463.65	145
1366	120	413.51	126.34	146
1367	136	499.47	204.68	146
1368	144	224.40	227.53	146
1369	140	110.89	303.53	146
1370	127	380.82	309.04	146
1371	105	469.90	333.01	146
1372	139	116.31	377.49	146
1373	120	456.94	408.73	146
1374	115	487.24	465.73	146
1375	113	287.20	536.90	146
1376	123	411.93	124.55	147
1377	145	501.04	200.96	147
1378	147	226.10	227.62	147
1379	144	108.53	304.78	147
1380	130	382.20	304.95	147
1381	112	471.50	341.06	147
1382	141	117.63	376.15	147
1383	125	458.40	408.90	147
1384	122	485.73	468.28	147
1385	120	292.30	537.08	147
1386	118	418.13	123.10	148
1387	139	502.51	203.62	148
1388	143	224.08	226.21	148
1389	124	379.56	304.23	148
1390	139	110.00	306.82	148
1391	130	118.19	378.46	148
1392	116	460.73	408.93	148
1393	107	481.99	466.76	148
1394	104	420.44	128.11	149
1395	125	497.44	203.88	149
1396	141	222.18	228.17	149
1397	113	377.80	302.23	149
1398	133	114.06	304.52	149
1399	126	118.43	379.17	149
1400	114	458.87	409.01	149
1401	91	296.62	537.37	149
1402	108	418.61	125.70	150
1403	131	500.24	204.16	150
1404	139	219.04	228.85	150
1405	123	375.98	302.57	150
1406	141	112.74	306.44	150
1407	94	471.37	344.23	150
1408	130	119.30	376.53	150
1409	117	460.08	414.54	150
1410	108	484.07	475.81	150
1411	104	295.86	532.39	150
1412	125	420.97	128.29	151
1413	140	501.21	208.34	151
1414	147	222.93	230.19	151
1415	131	378.79	301.55	151
1416	145	110.86	307.42	151
1417	110	465.15	350.16	151
1418	138	119.51	374.45	151
1419	125	456.31	415.03	151
1420	119	483.74	474.21	151
1421	117	298.88	527.06	151
1422	121	421.39	128.00	152
1423	137	503.54	207.24	152
1424	143	219.33	228.86	152
1425	132	374.84	299.42	152
1426	141	104.91	308.92	152
1427	101	463.24	351.96	152
1428	139	115.87	373.21	152
1429	120	452.28	416.43	152
1430	118	478.15	474.97	152
1431	113	301.06	529.00	152
1432	102	422.40	128.93	153
1433	123	502.30	205.61	153
1434	138	220.96	222.08	153
1435	115	373.34	299.08	153
1436	134	103.40	307.87	153
1437	125	120.48	373.04	153
1438	112	452.38	417.33	153
1439	101	477.40	478.16	153
1440	108	427.61	131.44	154
1441	130	501.22	202.73	154
1442	140	222.02	225.44	154
1443	121	371.76	301.16	154
1444	136	106.42	308.49	154
1445	126	122.21	376.61	154
1446	112	458.14	417.19	154
1447	101	473.22	479.19	154
1448	97	295.96	530.45	154
1449	126	430.17	129.15	155
1450	138	500.11	204.29	155
1451	145	219.63	230.87	155
1452	127	371.09	301.14	155
1453	145	107.90	309.60	155
1454	108	461.19	356.81	155
1455	138	123.21	378.10	155
1456	130	457.78	419.12	155
1457	113	469.92	481.16	155
1458	118	296.99	535.02	155
1459	132	427.16	129.10	156
1460	137	494.74	204.22	156
1461	149	217.40	237.33	156
1462	135	368.90	296.71	156
1463	142	109.63	312.77	156
1464	115	459.56	359.07	156
1465	140	130.09	378.30	156
1466	125	457.48	415.97	156
1467	117	471.52	481.50	156
1468	119	294.88	541.11	156
1469	113	426.24	133.81	157
1470	133	492.17	204.16	157
1471	142	216.20	235.50	157
1472	120	364.90	300.86	157
1473	137	111.14	310.10	157
1474	126	134.65	380.81	157
1475	117	458.04	413.05	157
1476	107	468.41	484.01	157
1477	105	290.14	542.07	157
1478	96	428.34	132.60	158
1479	124	495.75	197.97	158
1480	138	214.48	232.14	158
1481	117	362.75	301.00	158
1482	132	110.59	306.32	158
1483	107	458.24	414.35	158
1484	89	466.56	485.52	158
1485	118	430.47	127.62	159
1486	131	495.99	203.21	159
1487	144	216.19	232.22	159
1488	119	358.38	301.49	159
1489	137	112.61	307.66	159
1490	98	458.11	353.14	159
1491	128	138.55	384.73	159
1492	115	456.54	418.93	159
1493	107	465.91	483.14	159
1494	108	290.16	547.03	159
1495	128	428.54	122.08	160
1496	141	492.34	198.30	160
1497	146	217.42	231.55	160
1498	132	354.65	300.79	160
1499	144	110.02	309.80	160
1500	111	455.73	352.59	160
1501	135	145.66	382.57	160
1502	130	452.45	418.89	160
1503	121	467.14	476.18	160
1504	117	291.57	547.45	160
1505	124	425.16	120.21	161
1506	135	488.75	196.47	161
1507	145	215.61	228.33	161
1508	132	347.61	299.66	161
1509	142	111.32	310.92	161
1510	111	453.86	354.14	161
1511	137	148.57	383.46	161
1512	126	458.65	419.90	161
1513	115	465.40	478.59	161
1514	116	293.82	546.94	161
1515	109	429.06	124.00	162
1516	130	488.72	191.31	162
1517	138	213.69	230.17	162
1518	125	343.56	299.89	162
1519	137	114.86	304.21	162
1520	122	148.32	385.80	162
1521	109	460.93	420.59	162
1522	97	465.03	480.16	162
1523	105	424.02	122.37	163
1524	125	488.56	188.55	163
1525	136	211.70	225.57	163
1526	117	337.47	301.24	163
1527	135	116.19	302.35	163
1528	88	452.91	357.19	163
1529	120	150.52	387.79	163
1530	108	459.55	425.41	163
1531	95	464.85	480.39	163
1532	88	296.62	546.59	163
1533	126	427.61	125.91	164
1534	137	485.73	188.74	164
1535	146	207.14	227.38	164
1536	130	335.48	304.37	164
1537	141	115.65	305.29	164
1538	132	152.20	386.29	164
1539	121	459.54	425.79	164
1540	114	464.29	484.04	164
1541	113	295.66	547.28	164
1542	138	427.20	128.21	165
1543	141	483.32	190.43	165
1544	153	204.67	227.64	165
1545	143	112.63	301.53	165
1546	133	335.76	308.30	165
1547	113	453.73	348.43	165
1548	134	153.78	385.86	165
1549	125	459.76	427.11	165
1550	122	464.52	488.20	165
1551	116	296.10	546	165
1552	110	424.36	132.38	166
1553	136	479.93	191.31	166
1554	142	201.92	229.58	166
1555	143	111.31	299.93	166
1556	128	341.65	305.18	166
1557	128	157.38	379.04	166
1558	122	457.43	426.87	166
1559	104	461.34	494.78	166
1560	109	294.42	542.56	166
1561	114	424.54	130.58	167
1562	129	480.91	191.70	167
1563	140	200.43	224.61	167
1564	139	113.03	298.16	167
1565	117	345.67	305.85	167
1566	127	154.51	379.98	167
1567	107	461.21	429.75	167
1568	88	463.33	495.35	167
1569	108	425.11	132.68	168
1570	131	477.59	201.10	168
1571	140	198.99	224.90	168
1572	141	115.28	294.30	168
1573	124	345.95	309.21	168
1574	97	447.87	339.73	168
1575	128	155.94	376.19	168
1576	116	459.97	428.81	168
1577	105	460.43	493.85	168
1578	102	295.59	539.46	168
1579	124	422.07	136.12	169
1580	139	475.46	203.08	169
1581	146	195.64	227.15	169
1582	148	119.76	292.17	169
1583	129	352.31	305.97	169
1584	109	444.18	340.43	169
1585	138	156.95	375.49	169
1586	123	458.14	426.99	169
1587	114	462.54	499.67	169
1588	114	289.88	539.39	169
1589	123	420.75	138.16	170
1590	140	475.57	201.37	170
1591	149	190.90	225.97	170
1592	144	118.63	295	170
1593	126	356.25	306.75	170
1594	115	446.77	335.87	170
1595	134	158	376.34	170
1596	124	458.49	427.37	170
1597	113	465.84	499.43	170
1598	116	290.44	538.41	170
1599	101	419.88	135.29	171
1600	128	476.68	197.04	171
1601	138	195.47	223.50	171
1602	139	123.46	293.09	171
1603	119	356.79	307.88	171
1604	97	448.74	333.81	171
1605	125	160.28	377.32	171
1606	113	457.97	429.93	171
1607	97	465.56	497.75	171
1608	99	291.51	538.01	171
1609	108	423.19	134.60	172
1610	130	480.73	193.46	172
1611	140	200.61	223.39	172
1612	135	119.66	296.34	172
1613	123	356.61	302.56	172
1614	125	161.37	374.16	172
1615	110	456.75	429.67	172
1616	99	462.84	496.82	172
1617	97	295.06	539.07	172
1618	125	419.04	132.51	173
1619	137	482.24	190.13	173
1620	146	202.77	229.43	173
1621	146	124.78	296.46	173
1622	126	358.28	301.53	173
1623	106	446.23	334.21	173
1624	135	154.59	375.47	173
1625	121	457.33	426.37	173
1626	109	463.95	498.21	173
1627	111	294.03	545.87	173
1628	130	416.82	127.32	174
1629	139	481.43	187.71	174
1630	148	202.90	230.37	174
1631	151	124.21	295.08	174
1632	137	361.34	305.50	174
1633	110	445.94	338.09	174
1634	137	152.88	373.89	174
1635	127	458.56	425.78	174
1636	119	463.14	498.04	174
1637	116	296.07	546.97	174
1638	109	417.38	127.64	175
1639	135	485.59	184.56	175
1640	144	204.04	234.53	175
1641	139	121.32	294.63	175
1642	123	358.47	306.98	175
1643	102	444.25	334.51	175
1644	129	151.59	375.24	175
1645	115	456.85	424.10	175
1646	103	464.25	498.85	175
1647	105	295.65	545.92	175
1648	98	416.51	129.77	176
1649	128	493.54	180.08	176
1650	140	205.71	242.91	176
1651	134	120.67	295.88	176
1652	112	360.54	302.96	176
1653	81	443.66	335.64	176
1654	122	154.23	379.07	176
1655	111	454.45	423.65	176
1656	110	415.79	126.38	177
1657	130	499.65	180.98	177
1658	142	203.19	247.39	177
1659	141	115.24	295.27	177
1660	123	359.04	297.71	177
1661	97	441.74	338.54	177
1662	127	154.22	383.43	177
1663	115	454.23	422.60	177
1664	108	459.90	495.21	177
1665	100	293.10	544.34	177
1666	131	419.52	125.94	178
1667	146	496.24	174.97	178
1668	150	204.24	245.17	178
1669	133	355.50	293.00	178
1670	146	114.13	299.41	178
1671	137	154.38	379.77	178
1672	130	456.03	415.42	178
1673	119	462.00	494.44	178
1674	118	297.94	541.33	178
1675	122	420.02	125.73	179
1676	141	495.54	171.30	179
1677	145	197.82	245.21	179
1678	137	362.13	292.82	179
1679	146	116.70	299.99	179
1680	107	443.16	344.07	179
1681	137	156.94	380.07	179
1682	126	453.52	414.32	179
1683	119	460.84	495.35	179
1684	118	299.26	537.15	179
1685	109	421.77	120.44	180
1686	127	495.35	170.00	180
1687	140	197.59	247.57	180
1688	121	363.73	295.96	180
1689	135	115.58	298.51	180
1690	123	159.25	372.94	180
1691	112	455.90	413.17	180
1692	99	457.85	496.52	180
1693	101	423.25	120.40	181
1694	125	489.05	171.80	181
1695	138	200.86	246.92	181
1696	116	363.77	292.41	181
1697	133	114.70	300.26	181
1698	128	153.73	367.40	181
1699	111	457.15	414.05	181
1700	91	458.29	497.64	181
1701	88	305.55	538.34	181
1702	119	422.94	126.20	182
1703	138	485.70	168.95	182
1704	147	197.81	251.47	182
1705	127	364.63	290.42	182
1706	144	119.67	297.20	182
1707	106	442.18	350.87	182
1708	134	152.84	368.49	182
1709	123	455.53	413.65	182
1710	112	460.05	495.43	182
1711	114	305.79	531.80	182
1712	127	421.58	125.40	183
1713	147	484.87	169.02	183
1714	148	195.18	251.95	183
1715	137	362.45	289.68	183
1716	152	123.14	294.07	183
1717	113	440.20	350.24	183
1718	139	156.74	370.18	183
1719	127	458.19	414.13	183
1720	120	458.98	490.14	183
1721	118	311.11	531.81	183
1722	142	483.52	168.35	184
1723	143	191.66	257.17	184
1724	128	357.02	287.55	184
1725	144	123.78	292.70	184
1726	103	430.46	352.18	184
1727	129	156.05	370.55	184
1728	123	462.91	409.63	184
1729	110	457.51	492.12	184
1730	114	308.93	528.74	184
1731	125	486.95	168.52	185
1732	136	185.96	255.80	185
1733	118	358.94	284.89	185
1734	135	126.61	292.51	185
1735	127	162.55	363.15	185
1736	117	468.72	406.12	185
1737	96	308.68	522.21	185
1738	106	426.12	128.10	186
1739	126	486.21	167.13	186
1740	140	185.16	254.50	186
1741	125	359.05	279.80	186
1742	140	124.97	292.04	186
1743	95	427.34	348.39	186
1744	131	171.73	361.67	186
1745	119	467.85	408.05	186
1746	101	453.65	490.03	186
1747	102	307.12	524.44	186
1748	130	430.08	125.73	187
1749	140	486.61	169.46	187
1750	145	182.38	254.58	187
1751	132	361.47	281.98	187
1752	149	127.04	292.71	187
1753	110	425.33	349.04	187
1754	138	171.62	359.48	187
1755	126	466.62	410.91	187
1756	118	454.16	489.33	187
1757	123	306.96	526.11	187
1758	128	432.30	128.95	188
1759	141	490.72	172.67	188
1760	145	183.00	257.44	188
1761	135	361.14	280.11	188
1762	148	126.32	293.53	188
1763	109	427.48	347.78	188
1764	140	176.75	360.34	188
1765	125	464.43	412.53	188
1766	119	452.11	486.18	188
1767	122	307.66	524.46	188
1768	103	431.73	130.51	189
1769	131	496.68	168.16	189
1770	145	188.07	252.11	189
1771	119	362.06	276.07	189
1772	139	129.86	287.87	189
1773	129	174.79	363.57	189
1774	114	463.98	411.65	189
1775	100	455.06	489.88	189
1776	108	305	518.04	189
1777	105	434.73	132.66	190
1778	132	497.23	162.60	190
1779	135	189.01	249.09	190
1780	117	361.45	273.69	190
1781	136	130.60	281.65	190
1782	124	174.65	363.95	190
1783	111	463.54	414.52	190
1784	121	438.14	136.68	191
1785	136	499.54	163.63	191
1786	142	194.26	249.73	191
1787	129	362.84	274.15	191
1788	142	128.32	279.22	191
1789	101	422.41	352.70	191
1790	134	171.74	362.92	191
1791	122	465.94	414.85	191
1792	109	454.40	491.69	191
1793	115	298.83	519.82	191
1794	131	441.64	132.20	192
1795	144	497.76	166.85	192
1796	148	197.74	254.60	192
1797	149	127.71	279.22	192
1798	137	362.60	278.43	192
1799	111	423.02	349.57	192
1800	140	166.95	362.33	192
1801	124	469.90	416.48	192
1802	120	451.98	487.67	192
1803	123	296.36	519.13	192
1804	121	439.44	128.09	193
1805	139	498.15	163.49	193
1806	144	198.41	259.02	193
1807	129	360.94	274.57	193
1808	148	126.16	279.96	193
1809	134	164.92	364.50	193
1810	120	469.58	416.88	193
1811	110	451.12	489.66	193
1812	111	295.67	514.27	193
1813	98	441.11	127.41	194
1814	124	494.69	164.31	194
1815	137	198.28	256.44	194
1816	117	360.55	274.92	194
1817	138	125.16	281.01	194
1818	124	164.32	364.02	194
1819	111	471.48	416.75	194
1820	108	297.86	514.97	194
1821	110	445.45	122.28	195
1822	131	486.61	167.02	195
1823	143	200.99	250.23	195
1824	122	354.12	276.76	195
1825	146	123.87	280.07	195
1826	133	168.39	360.43	195
1827	117	472.87	417.13	195
1828	110	449.83	493.74	195
1829	128	446.50	125.23	196
1830	139	489.19	165.30	196
1831	147	204.98	252.34	196
1832	136	351.85	270.87	196
1833	148	131.82	283.30	196
1834	111	419.19	356.09	196
1835	138	171.34	363.20	196
1836	123	474.91	417.07	196
1837	117	452.64	491.53	196
1838	119	302.24	514.09	196
1839	125	444.04	128.13	197
1840	146	492.94	166.53	197
1841	144	208.53	249.57	197
1842	134	351.56	267.83	197
1843	145	131.47	286.27	197
1844	111	414.91	358.00	197
1845	139	169.59	365.18	197
1846	123	474.09	421.64	197
1847	119	448.56	494.98	197
1848	123	300.25	515.22	197
1849	105	444.38	135.73	198
1850	128	494.12	164.95	198
1851	138	210.51	255.43	198
1852	119	350.47	270.07	198
1853	141	127.81	282.63	198
1854	128	169.65	366.04	198
1855	108	470.94	420.99	198
1856	95	447.97	494.29	198
1857	103	297.97	512.30	198
1858	112	444.28	141.34	199
1859	137	204.31	258.90	199
1860	117	350.91	274.87	199
1861	135	128.29	281.73	199
1862	121	171.71	362.00	199
1863	108	468.54	419.24	199
1864	91	449.52	494.92	199
1865	96	296.27	511.55	199
1866	119	440.75	144.54	200
1867	132	490.41	169.08	200
1868	142	206.98	258.04	200
1869	129	355.10	275.66	200
1870	144	127.38	285.47	200
1871	135	174.86	363.40	200
1872	120	471.38	415.82	200
1873	108	447.51	500.50	200
1874	110	296.88	515.25	200
1875	131	438.66	145.77	201
1876	145	489.96	170.20	201
1877	149	209.10	261.55	201
1878	148	131	282.70	201
1879	136	355.41	282.62	201
1880	138	174.96	362.50	201
1881	112	407	364.54	201
1882	124	471.94	412.40	201
1883	115	446.80	503.39	201
1884	121	300.81	518.43	201
1885	116	433.84	147.20	202
1886	135	497.66	172.58	202
1887	144	210.13	266.77	202
1888	140	133.56	278.31	202
1889	126	352.43	281.38	202
1890	101	411.04	357.41	202
1891	134	171.37	359.71	202
1892	123	470.13	411.71	202
1893	104	446.95	507.25	202
1894	110	302.03	520.66	202
1895	98	430.38	143.88	203
1896	123	495.92	177.55	203
1897	134	210.31	264.10	203
1898	137	132.01	279.58	203
1899	109	352.43	283.74	203
1900	128	170.44	356.88	203
1901	110	471.83	410.10	203
1902	84	444.60	510.86	203
1903	111	427.03	145.27	204
1904	127	495.46	174.97	204
1905	139	215.97	265.30	204
1906	138	135.64	281.10	204
1907	119	355.14	289.19	204
1908	130	169.79	357.55	204
1909	112	468.82	409.57	204
1910	96	445.41	514.02	204
1911	100	302.85	519.97	204
1912	123	425.65	144.53	205
1913	141	495.42	167.71	205
1914	145	212.54	273.49	205
1915	144	131.67	282.42	205
1916	131	355.87	293.82	205
1917	109	416.97	355.78	205
1918	136	169.93	358.88	205
1919	120	465.28	411.72	205
1920	114	439.29	515.74	205
1921	118	305.26	518.10	205
1922	125	426.18	140.94	206
1923	140	495.51	163.41	206
1924	145	214.54	274.49	206
1925	147	127.21	277.87	206
1926	132	359.29	295.88	206
1927	111	415.92	356.65	206
1928	136	174.49	357.32	206
1929	126	467.21	408.82	206
1930	118	305.83	513.99	206
1931	117	434.36	515.63	206
1932	110	420.53	140.21	207
1933	133	496.57	162.27	207
1934	138	129.30	275.86	207
1935	142	218.18	279.46	207
1936	117	359.93	301.23	207
1937	98	408.79	360.17	207
1938	128	174.73	361.81	207
1939	111	472.27	409.34	207
1940	109	307.93	516.85	207
1941	85	433.85	519.30	207
1942	132	496.48	160.96	208
1943	137	129.81	276.97	208
1944	134	219.82	282.63	208
1945	113	362.38	299.88	208
1946	121	172.00	366.66	208
1947	108	470.39	410.11	208
1948	88	309.40	515.24	208
1949	85	434.50	521.91	208
1950	134	495.54	162.71	209
1951	143	128.89	277.09	209
1952	141	220.80	285.91	209
1953	127	363.07	303.56	209
1954	98	407.78	364.67	209
1955	131	172.96	368.62	209
1956	118	467.23	413.87	209
1957	108	306.12	515.52	209
1958	98	435.26	519.89	209
1959	122	415.24	136.92	210
1960	142	493.96	160.43	210
1961	147	131.64	280.99	210
1962	149	224.20	290.40	210
1963	132	369.56	307.72	210
1964	111	408.14	365.62	210
1965	143	172.33	371.55	210
1966	129	465.62	409.80	210
1967	120	300.20	519.37	210
1968	116	435.03	518.96	210
1969	119	412.91	137.95	211
1970	134	489.61	154.42	211
1971	147	130.04	280.17	211
1972	141	230.46	296.76	211
1973	122	367.69	308.40	211
1974	106	410.71	365.73	211
1975	138	171.48	371.44	211
1976	120	465.85	414.95	211
1977	110	433.57	520.13	211
1978	110	304	522.67	211
1979	105	412.78	137.02	212
1980	129	492.70	150.38	212
1981	139	127.38	283.15	212
1982	134	231.34	294.78	212
1983	116	364.50	306.52	212
1984	88	419.42	365.38	212
1985	122	171.25	371.70	212
1986	112	463.75	418.53	212
1987	92	301.88	520.52	212
1988	106	412.73	131.34	213
1989	130	489.59	148.58	213
1990	140	129.36	277	213
1991	138	234.49	294.51	213
1992	119	366.32	307.26	213
1993	124	176.19	375.74	213
1994	113	459.73	418.09	213
1995	98	302.79	518.92	213
1996	120	407.54	127.65	214
1997	143	487.81	148.48	214
1998	148	125.02	281.05	214
1999	143	236.42	301.71	214
2000	128	365.72	312.87	214
2001	106	424.91	359.35	214
2002	135	181.01	377.99	214
2003	125	456.94	416.89	214
2004	117	301.53	518.07	214
2005	111	430.38	520.33	214
2006	127	406.85	129.37	215
2007	142	490.46	150.39	215
2008	147	126.37	283.67	215
2009	146	235.28	303.85	215
2010	132	366.38	315.65	215
2011	108	428.24	356.17	215
2012	133	183.61	377.61	215
2013	129	455.03	418.33	215
2014	120	301.59	514.67	215
2015	119	432.42	519.14	215
2016	111	411.18	126.92	216
2017	127	488.96	152.94	216
2018	140	122.18	287.40	216
2019	139	235.86	303.06	216
2020	122	364.83	316.13	216
2021	127	186.88	373.58	216
2022	118	453.14	417.71	216
2023	111	302.04	516.95	216
2024	95	431.02	516.31	216
2025	100	413.12	123.60	217
2026	125	488.36	147.22	217
2027	139	118.77	287.55	217
2028	136	236.64	303.52	217
2029	112	367.34	316.71	217
2030	82	426.10	364.34	217
2031	121	187.10	373.94	217
2032	110	454.85	413.83	217
2033	84	430.38	512.98	217
2034	123	413.13	129.69	218
2035	133	490.02	143.44	218
2036	143	121.55	285.74	218
2037	142	237.13	312.13	218
2038	126	366.27	319.44	218
2039	103	428.91	360.70	218
2040	134	188.01	369.38	218
2041	124	451.22	412.37	218
2042	107	429.62	512.46	218
2043	115	305.91	525.80	218
2044	125	410.43	131.97	219
2045	143	485.53	143.28	219
2046	149	121.04	285.20	219
2047	146	237.79	314.58	219
2048	127	374.53	320.16	219
2049	112	432.77	361.21	219
2050	136	189.73	369.17	219
2051	134	453.17	411.01	219
2052	121	429.65	511.05	219
2053	121	307.55	533.52	219
2054	120	408.43	131.30	220
2055	136	485.59	140.40	220
2056	145	120.42	281.17	220
2057	140	238.04	317.88	220
2058	129	372.73	326.00	220
2059	135	187.51	368.56	220
2060	123	457.59	411.64	220
2061	110	426.25	509.33	220
2062	100	403.90	132.34	221
2063	128	483.09	137.84	221
2064	137	121.38	281.49	221
2065	136	233.90	319.67	221
2066	119	376.39	326.10	221
2067	123	187.38	371.74	221
2068	111	456.74	409.93	221
2069	88	424.56	507.08	221
2070	92	308.58	535.13	221
2071	101	404.82	130.48	222
2072	125	483.76	134.07	222
2073	140	118.15	288.88	222
2074	134	235.24	319.54	222
2075	118	375.31	327.37	222
2076	92	428.46	354.99	222
2077	127	189.45	371.25	222
2078	111	455.37	414.86	222
2079	96	305.99	539.41	222
2080	126	408.55	128.58	223
2081	138	483.31	132.23	223
2082	149	116.18	287.72	223
2083	148	236.09	318.93	223
2084	132	373.49	321.82	223
2085	112	426.73	355.85	223
2086	134	192.23	373.34	223
2087	124	456.57	420.16	223
2088	115	421.55	504.50	223
2089	118	302.99	538.10	223
2090	122	408.03	131.84	224
2091	139	485.43	134.44	224
2092	148	114.11	291.52	224
2093	142	238.24	319.14	224
2094	134	373.12	322.79	224
2095	110	426.46	358.25	224
2096	139	195.04	373.44	224
2097	126	453.79	420.06	224
2098	117	421.16	506.04	224
2099	124	294.56	535.27	224
2100	132	484.34	133.19	225
2101	106	401.55	134.08	225
2102	137	113.76	291.36	225
2103	135	242.26	320.58	225
2104	123	376.18	322.29	225
2105	127	199.54	377.54	225
2106	115	451.54	421.98	225
2107	107	421.19	503.14	225
2108	102	289.82	533.44	225
2109	126	484.20	129.46	226
2110	94	399.44	132.94	226
2111	135	116.23	291.36	226
2112	128	243.02	320.41	226
2113	116	373.18	322.24	226
2114	117	202.86	378.94	226
2115	113	454.68	419.15	226
2116	86	419.07	502.07	226
2117	115	401.94	131.27	227
2118	141	116.29	287.55	227
2119	139	242.87	317.53	227
2120	125	370.32	322.68	227
2121	100	419.48	357.25	227
2122	129	203.37	380.28	227
2123	113	455.48	420.38	227
2124	105	419.67	502.82	227
2125	107	286.70	531.73	227
2126	142	486.84	126.38	228
2127	148	116.39	288.81	228
2128	140	245.41	313.61	228
2129	135	371.59	324.48	228
2130	111	419.07	357.82	228
2131	134	206.34	382.05	228
2132	126	459.27	415.19	228
2133	119	420.68	503.64	228
2134	121	284.10	533.29	228
2135	136	484.37	123.85	229
2136	120	405.49	135.12	229
2137	145	113.25	286.72	229
2138	142	245.21	311.13	229
2139	133	374.18	324.35	229
2140	101	415.19	356.57	229
2141	131	206.70	384.35	229
2142	123	462.33	408.74	229
2143	111	419.90	500.64	229
2144	112	278.95	536.54	229
2145	128	483.02	126.74	230
2146	115	406.00	134.35	230
2147	135	114.66	284.92	230
2148	133	245.40	319.06	230
2149	112	373.96	322.17	230
2150	124	204.23	382.85	230
2151	109	460.00	406.43	230
2152	92	417.27	502.55	230
2153	128	479.48	128.38	231
2154	107	409.17	131.02	231
2155	138	107.18	283.70	231
2156	132	249.67	318.63	231
2157	116	372.81	319.02	231
2158	124	206.75	383.94	231
2159	113	458.24	409.38	231
2160	96	281.68	535.71	231
2161	121	408.24	127.10	232
2162	139	476.59	131.42	232
2163	146	108.94	281.24	232
2164	139	255.14	320.60	232
2165	128	372.40	320.24	232
2166	106	409.86	353.87	232
2167	133	205.43	380.66	232
2168	126	461.58	409.88	232
2169	114	413.96	496.04	232
2170	112	281.61	533.96	232
2171	125	407.68	125.65	233
2172	143	480.22	131.59	233
2173	152	108.05	276.93	233
2174	130	370.84	320.21	233
2175	140	256.64	323.76	233
2176	105	400.46	353.61	233
2177	138	210.18	380.17	233
2178	124	462.19	409.91	233
2179	115	412.56	497.66	233
2180	121	279.53	531.25	233
2181	111	409.64	122.64	234
2182	134	481.25	131.70	234
2183	143	104.88	276.26	234
2184	140	258.71	320.24	234
2185	120	368.57	323.02	234
2186	95	394.03	351.47	234
2187	127	207.60	383.09	234
2188	118	464.24	409.20	234
2189	100	415.36	497.21	234
2190	101	278.42	531.22	234
2191	110	411.34	119.87	235
2192	123	483.86	132.44	235
2193	139	103.47	274.66	235
2194	113	365.51	318.26	235
2195	132	259.36	323.73	235
2196	91	386.18	348.86	235
2197	115	206.12	389.83	235
2198	111	461.03	410.33	235
2199	114	411.75	120.98	236
2200	134	485.84	136.23	236
2201	143	108.70	271.27	236
2202	125	362.66	316.17	236
2203	137	262.82	326.50	236
2204	103	385.06	350.97	236
2205	129	209.52	389.03	236
2206	119	461.00	408.70	236
2207	108	273.06	518.45	236
2208	120	413.25	119.03	237
2209	140	484.61	133.57	237
2210	151	107.00	269.93	237
2211	131	357.46	314.61	237
2212	136	261.65	327.68	237
2213	107	383.94	349.39	237
2214	131	205.48	389.05	237
2215	126	463.31	409.44	237
2216	119	418.06	497.98	237
2217	118	275.86	518.70	237
2218	115	409.82	121.03	238
2219	135	481.39	139.81	238
2220	145	105.34	267.43	238
2221	123	355.65	314.28	238
2222	138	262.36	327.89	238
2223	104	381.89	346.11	238
2224	131	204.68	387.29	238
2225	124	459.65	408.73	238
2226	110	414.26	502.28	238
2227	103	403.23	117.44	239
2228	140	101.34	267.54	239
2229	115	355.79	314.60	239
2230	132	266.51	329.43	239
2231	123	204.24	386.47	239
2232	112	459.63	410.89	239
2233	94	274.62	519.61	239
2234	112	405.71	115.46	240
2235	131	478.71	138.13	240
2236	145	101.08	260.51	240
2237	116	352.20	315.56	240
2238	136	265.74	331.44	240
2239	120	207.68	388.14	240
2240	112	463.33	414.29	240
2241	101	279.16	518.92	240
2242	121	407.25	116.00	241
2243	139	481.11	135.38	241
2244	151	99.17	259.20	241
2245	128	358.98	314.29	241
2246	139	268.52	333.52	241
2247	104	387.76	342.94	241
2248	136	212.57	384.56	241
2249	123	462.45	414.10	241
2250	116	412.70	494.84	241
2251	116	283.08	524.13	241
2252	125	408.20	118.28	242
2253	141	480.34	133.13	242
2254	151	98.03	257.90	242
2255	130	358.68	305.72	242
2256	137	270.95	339.25	242
2257	116	389.23	341.64	242
2258	134	217.42	386.55	242
2259	124	464.09	414.93	242
2260	117	413.68	493.60	242
2261	118	288.87	525.87	242
2262	107	405.64	121.01	243
2263	132	476.52	134.06	243
2264	143	99.85	258.20	243
2265	121	358.32	301.93	243
2266	131	272.00	341.54	243
2267	96	389.16	342.28	243
2268	127	219.80	385.70	243
2269	118	464.42	411.88	243
2270	101	411.02	498.32	243
2271	99	286.89	520.29	243
2272	99	404.19	126.74	244
2273	124	479.15	134.89	244
2274	140	98.89	261.18	244
2275	113	355.89	302.00	244
2276	118	221.79	386.27	244
2277	107	461.49	413.46	244
2278	113	407.09	129.28	245
2279	130	475.84	136.86	245
2280	148	94.14	255.95	245
2281	117	353.95	304.15	245
2282	130	279.07	337.11	245
2283	131	218.08	387.46	245
2284	119	463.13	413.87	245
2285	106	412.64	494.79	245
2286	112	279.43	514.09	245
2287	126	409.35	129.19	246
2288	141	483.79	137.27	246
2289	154	95.71	260.31	246
2290	129	349.34	301.90	246
2291	142	276.33	339.02	246
2292	112	389.58	350.71	246
2293	139	215.16	387.46	246
2294	125	463.46	415.18	246
2295	119	416.51	490.85	246
2296	121	286.82	518.07	246
2297	124	408.04	124.85	247
2298	139	481.69	135.44	247
2299	150	92.16	265.82	247
2300	123	346.25	302.09	247
2301	136	281.67	338.38	247
2302	134	217.22	387.26	247
2303	122	459.52	413.75	247
2304	110	416.95	490.25	247
2305	115	293.53	517.89	247
2306	128	479.72	134	248
2307	143	92.61	266.46	248
2308	111	345.04	299.10	248
2309	132	280.85	333	248
2310	126	217.55	385.63	248
2311	111	459.06	413.77	248
2312	94	417.89	486.72	248
2313	94	296.48	513.30	248
2314	102	415.21	124.29	249
2315	127	478.58	131.80	249
2316	138	93.33	264.57	249
2317	113	347.98	295.39	249
2318	126	286.38	339.41	249
2319	122	217.64	388.01	249
2320	112	456.53	414.75	249
2321	92	422.57	485.83	249
2322	140	477.21	124.26	250
2323	120	414.94	125.43	250
2324	148	89.70	264.21	250
2325	127	345.81	298.33	250
2326	134	287.93	339.66	250
2327	107	391.12	354.22	250
2328	134	216.41	384.51	250
2329	122	455.36	416.04	250
2330	116	422.14	484.09	250
2331	122	299.42	509.79	250
2332	143	473.02	124.33	251
2333	133	416.19	126.15	251
2334	151	89.41	266.24	251
2335	131	341.52	298.58	251
2336	136	293.47	338.29	251
2337	109	391.65	356.92	251
2338	133	221.64	382.45	251
2339	126	459.54	414.74	251
2340	123	421.61	486.78	251
2341	126	300.63	511.58	251
2342	114	418.01	119.81	252
2343	134	474.20	120.63	252
2344	147	87.13	269.59	252
2345	121	340.98	300.53	252
2346	131	296.16	337.31	252
2347	127	221.65	387.52	252
2348	116	463.82	412.98	252
2349	110	422	488.26	252
2350	108	297.15	514.64	252
2351	124	477.73	123.85	253
2352	95	418.90	125.02	253
2353	141	87.51	270.15	253
2354	118	338.73	298.03	253
2355	125	297.66	330.26	253
2356	105	464.94	416.79	253
2357	95	296.98	511.70	253
2358	135	478.97	122.85	254
2359	111	420.18	127.77	254
2360	146	89.79	269.79	254
2361	121	332.37	299.28	254
2362	134	293.34	330.96	254
2363	98	381.61	366.41	254
2364	127	218.31	380.36	254
2365	112	463.21	419.86	254
2366	108	429.77	486.63	254
2367	105	295.77	511.40	254
2368	140	475.97	121.53	255
2369	120	420.64	128.68	255
2370	149	96.35	269.11	255
2371	131	332.41	295.20	255
2372	135	292.86	330.11	255
2373	112	380.01	364.29	255
2374	137	221.49	379.19	255
2375	124	463.33	417.83	255
2376	119	427.74	489.00	255
2377	120	296.40	508.80	255
2378	122	418.97	125.12	256
2379	149	95.12	267.48	256
2380	132	330.65	297.58	256
2381	139	292.47	330.59	256
2382	109	379.76	365.24	256
2383	132	222.55	383.48	256
2384	124	465.16	418.52	256
2385	118	426.05	490.92	256
2386	120	295.84	508.09	256
2387	131	474.74	121.92	257
2388	105	416.87	124.98	257
2389	147	93.87	265.67	257
2390	117	334.55	298.12	257
2391	134	297.19	331.81	257
2392	123	227.83	382.53	257
2393	110	470.39	422.86	257
2394	95	423.81	490.22	257
2395	132	472.40	121.33	258
2396	106	422.08	126.69	258
2397	143	95.87	262.32	258
2398	114	335.15	297.49	258
2399	130	300.68	327.15	258
2400	108	473.30	424.52	258
2401	134	469.61	122.31	259
2402	121	421.34	132.62	259
2403	149	94.51	262.31	259
2404	127	335.89	298.78	259
2405	138	303	326.77	259
2406	104	383.94	361.45	259
2407	132	225.58	386.12	259
2408	122	475.02	421.71	259
2409	114	423.04	499.33	259
2410	117	290.05	506.86	259
2411	141	470.57	126.40	260
2412	127	421.26	129.03	260
2413	151	94.98	264.27	260
2414	132	335.20	300.68	260
2415	136	302.23	324.61	260
2416	110	388.91	367.83	260
2417	135	226.21	382.14	260
2418	121	478.12	420.43	260
2419	118	421.03	499.16	260
2420	119	287.70	506.27	260
2421	133	464.80	127.36	261
2422	113	421.08	130.94	261
2423	144	100.20	266.56	261
2424	121	333.43	302.66	261
2425	129	302.49	322.42	261
2426	96	389.75	366.97	261
2427	123	228.55	382.06	261
2428	119	475.47	417.40	261
2429	104	418.99	498.03	261
2430	109	284.69	510.96	261
2431	101	425.31	128.94	262
2432	117	464.24	129.19	262
2433	143	101.21	265.58	262
2434	115	331.07	302.10	262
2435	124	305.16	326.62	262
2436	109	473.82	419.60	262
2437	92	419.52	495.60	262
2438	108	425.69	129.93	263
2439	130	462.29	131.19	263
2440	147	102.26	265.40	263
2441	122	331.89	305.39	263
2442	131	312.36	329.55	263
2443	101	400.39	366.81	263
2444	127	225.67	377.27	263
2445	119	473.34	418.55	263
2446	109	423.37	490.33	263
2447	107	280.77	518.60	263
2448	141	461.50	129.68	264
2449	126	430.80	132.27	264
2450	149	101.61	266.82	264
2451	132	338.65	308.53	264
2452	137	309.66	328.68	264
2453	112	406.21	362.93	264
2454	138	225.01	378.78	264
2455	126	467.41	421.35	264
2456	117	425.63	492.18	264
2457	118	280.11	517.05	264
2458	140	466.72	127.24	265
2459	123	431.22	132.90	265
2460	149	101.53	266.91	265
2461	133	339.45	307.59	265
2462	138	306.99	324.83	265
2463	108	403.36	365.43	265
2464	133	224.11	377.35	265
2465	121	463.28	419.69	265
2466	113	423.98	493.73	265
2467	119	281.62	515.11	265
2468	126	468.02	123.48	266
2469	103	439.66	136.01	266
2470	140	104.46	268.60	266
2471	123	338.56	308.98	266
2472	125	308.99	330.46	266
2473	121	225.51	374.83	266
2474	112	463.36	415.46	266
2475	98	280.83	510.65	266
2476	121	476.83	123.57	267
2477	108	442.28	137.97	267
2478	137	107.41	267.41	267
2479	119	340.37	312.96	267
2480	126	312.39	331.79	267
2481	106	462.92	416.22	267
2482	95	284.81	514.75	267
2483	138	482.25	119.25	268
2484	123	440.65	140.00	268
2485	143	109.47	265.61	268
2486	134	315.43	332.39	268
2487	107	403.59	359.37	268
2488	132	219.63	380.34	268
2489	119	459.40	417.89	268
2490	110	422.82	493.15	268
2491	118	282.08	511.65	268
2492	131	444.84	142.32	269
2493	151	107.36	265.92	269
2494	132	339.84	313.35	269
2495	139	309.18	326.72	269
2496	113	400.06	360.22	269
2497	137	218.95	377.65	269
2498	128	458.45	419.47	269
2499	120	422.03	487.82	269
2500	121	278.95	519.06	269
2501	138	486.91	105.57	270
2502	119	441.23	144.99	270
2503	144	106.57	265.38	270
2504	119	340.15	320.16	270
2505	132	309.55	323.88	270
2506	124	221.06	380.85	270
2507	116	456.52	416.59	270
2508	104	424.79	492.04	270
2509	110	282.56	520.01	270
2510	126	483.18	105.08	271
2511	100	443.69	147.23	271
2512	136	109.24	263.10	271
2513	109	338.02	316.25	271
2514	130	311.48	320.42	271
2515	110	456.30	416.31	271
2516	94	421.83	495.79	271
2517	136	478.79	101.85	272
2518	113	442.44	149.11	272
2519	141	110.54	255.21	272
2520	118	340.17	317.32	272
2521	129	308.63	319.28	272
2522	126	228.19	377.62	272
2523	114	455.12	417.89	272
2524	96	423.73	497.56	272
2525	100	285.37	526.93	272
2526	140	476.14	104.45	273
2527	126	443.52	146.57	273
2528	148	110.09	255.57	273
2529	138	309.75	317.67	273
2530	129	341.26	320.14	273
2531	115	402.09	369.78	273
2532	134	226.92	375.92	273
2533	124	456.11	419.08	273
2534	121	424.66	496.76	273
2535	118	286.60	528.53	273
2536	127	447.31	141.72	274
2537	148	110.94	253.49	274
2538	136	308.24	312.88	274
2539	130	342.73	318.62	274
2540	109	399.00	367.99	274
2541	133	226.74	376.33	274
2542	124	457.98	420.77	274
2543	117	427.75	496.24	274
2544	113	286.13	531.68	274
2545	135	475.06	106.48	275
2546	104	444.40	138.55	275
2547	140	114.71	254.35	275
2548	132	305.17	308.73	275
2549	115	343.60	318.27	275
2550	121	228.00	376.38	275
2551	116	458.66	420.61	275
2552	99	423.93	492.40	275
2553	102	286.70	529.58	275
2554	123	472.61	105.76	276
2555	101	447.46	133.80	276
2556	138	112.36	253.49	276
2557	129	306.34	309.88	276
2558	114	345.72	317.47	276
2559	118	223.94	379.25	276
2560	108	461.95	421.35	276
2561	84	427.42	494.42	276
2562	144	474.78	111.54	277
2563	113	450.47	133.00	277
2564	140	110.38	255.79	277
2565	135	313.29	304.89	277
2566	122	343.53	316.29	277
2567	131	217.84	383.43	277
2568	121	459.74	420.74	277
2569	108	425.56	495.82	277
2570	113	288.82	535.64	277
2571	140	478.29	115.38	278
2572	124	451.71	134.02	278
2573	150	110.77	254.72	278
2574	143	314.91	298.07	278
2575	128	341.45	318.14	278
2576	110	388.24	368.83	278
2577	138	218.59	386.88	278
2578	123	460.83	419.32	278
2579	123	423.35	495.73	278
2580	118	293.82	537.05	278
2581	131	477.35	117.18	279
2582	120	453.42	133.96	279
2583	147	112.11	255.34	279
2584	137	311.32	295.41	279
2585	124	340.82	317.98	279
2586	105	389.89	366.40	279
2587	125	217.03	379.09	279
2588	121	462.28	422.65	279
2589	105	419.31	501.66	279
2590	110	293.14	541.21	279
2591	128	478.35	117.80	280
2592	101	453.61	132.51	280
2593	139	109.85	253.79	280
2594	132	310.96	295.06	280
2595	109	341.62	313.58	280
2596	116	215.66	379.78	280
2597	107	459.93	421.60	280
2598	91	422.34	498.82	280
2599	129	479.90	117.42	281
2600	110	452.50	134.28	281
2601	140	107.84	254.79	281
2602	134	305.93	295.12	281
2603	119	340.86	308.42	281
2604	92	398.67	364.80	281
2605	128	220.15	377.35	281
2606	118	458.42	420.97	281
2607	102	422.25	494.08	281
2608	105	291.59	539.32	281
2609	122	452.17	133.80	282
2610	148	107.66	252.82	282
2611	143	306.93	293.40	282
2612	131	340.06	309.84	282
2613	106	404.97	361.87	282
2614	136	221.69	371.97	282
2615	126	457.60	424.06	282
2616	117	419.06	490.47	282
2617	115	292.07	534.34	282
2618	137	482.82	112.62	283
2619	122	446.92	133.07	283
2620	145	107.45	254.34	283
2621	140	305.09	293.14	283
2622	129	342.59	311.87	283
2623	103	400.42	364.12	283
2624	132	223.90	368.06	283
2625	129	459.61	424.59	283
2626	113	419.23	488.19	283
2627	113	291.91	532.62	283
2628	105	446.28	131.75	284
2629	139	109.15	251.85	284
2630	133	306.89	290.50	284
2631	112	335.78	308.18	284
2632	125	225.64	362.39	284
2633	112	457.64	427.62	284
2634	97	419.09	488.98	284
2635	90	293.44	532.68	284
2636	125	485.16	120.28	285
2637	101	444.35	129.05	285
2638	140	112.34	252.62	285
2639	134	307.01	290.60	285
2640	113	340.15	309.93	285
2641	118	224.19	360.81	285
2642	112	457.37	426.69	285
2643	95	420.02	489.63	285
2644	97	294.55	535.10	285
2645	138	488.28	119.51	286
2646	121	442.94	123.86	286
2647	147	116.27	250.98	286
2648	142	306.18	285.25	286
2649	129	339.31	310.48	286
2650	134	220.90	358.33	286
2651	104	398.80	377.25	286
2652	119	460.15	426.70	286
2653	115	418.47	492.48	286
2654	115	296.93	537.60	286
2655	142	488.51	114.40	287
2656	125	445.01	129.29	287
2657	145	114.26	255.52	287
2658	145	304.27	288.34	287
2659	128	342.89	312.31	287
2660	135	222.58	359.34	287
2661	113	399.96	380.00	287
2662	124	455.03	425.79	287
2663	119	420.13	486.45	287
2664	123	295.41	537.57	287
2665	130	487.93	121.79	288
2666	113	440.91	126.94	288
2667	141	113.56	256.52	288
2668	142	304.96	285.65	288
2669	127	347.56	312.16	288
2670	130	219.41	362.26	288
2671	94	395.82	378.62	288
2672	119	452.96	426.43	288
2673	107	418.46	484.35	288
2674	107	293.56	534.52	288
2675	127	484.00	124.45	289
2676	103	441.99	127.46	289
2677	136	115.74	256.33	289
2678	137	305.41	285.41	289
2679	112	352.21	307.53	289
2680	119	215.91	364.37	289
2681	108	452.10	423	289
2682	89	420.25	488.13	289
2683	87	293.66	533.49	289
2684	131	481.25	124.07	290
2685	114	436.54	127.21	290
2686	140	117.26	258.36	290
2687	137	301.98	281.02	290
2688	117	352.05	311.24	290
2689	125	216.01	365.35	290
2690	115	446.88	421.07	290
2691	102	422.07	487.13	290
2692	96	293.38	537.57	290
2693	141	476.85	129.61	291
2694	134	433.91	130.69	291
2695	151	119.96	260.85	291
2696	141	305.65	280.56	291
2697	128	347.81	317.30	291
2698	136	219.81	364.21	291
2699	105	403.46	384.38	291
2700	126	445.24	420.79	291
2701	116	422.09	490.02	291
2702	118	290.70	538.92	291
2703	142	474.17	133.02	292
2704	123	426.52	133.04	292
2705	149	118.02	259.36	292
2706	145	307.99	282.19	292
2707	133	347.13	321.15	292
2708	139	220.23	361.41	292
2709	105	407.11	385.15	292
2710	125	445.12	422.36	292
2711	114	294.86	543.46	292
2712	106	430.91	128.61	293
2713	130	474.04	133.98	293
2714	140	121.16	258.19	293
2715	135	311.18	284.16	293
2716	121	341.81	321.14	293
2717	117	221.64	365.06	293
2718	84	401.86	379.60	293
2719	115	443.61	420.34	293
2720	97	414.40	491.06	293
2721	97	298.98	544.76	293
2722	101	433.52	126.74	294
2723	123	475.09	136.96	294
2724	134	126.07	256.25	294
2725	133	312.47	278.83	294
2726	119	345.04	320.54	294
2727	116	225.03	366.66	294
2728	110	444.83	422.93	294
2729	89	417.22	494.97	294
2730	118	434.18	125.60	295
2731	139	474.82	135.24	295
2732	141	130.73	256.65	295
2733	142	315.38	278.54	295
2734	123	344.85	324.97	295
2735	129	223.45	366.35	295
2736	97	407.58	376.10	295
2737	118	446.25	419.85	295
2738	108	418.78	495.57	295
2739	110	304.34	543.96	295
2740	131	431.73	128.84	296
2741	142	476.94	131.10	296
2742	148	128.91	257.97	296
2743	145	318.98	280.42	296
2744	133	344.78	328.76	296
2745	133	223.71	372.45	296
2746	108	409.47	374.94	296
2747	129	447.44	417.65	296
2748	120	421	495.27	296
2749	118	308.76	542.02	296
2750	113	430.46	127.54	297
2751	134	473.60	130.98	297
2752	145	129.71	260.46	297
2753	142	318.10	278.38	297
2754	132	345.41	329.65	297
2755	129	223.86	369.46	297
2756	119	446.98	416.53	297
2757	113	419.30	496.61	297
2758	110	309.78	537.45	297
2759	122	428.48	127.07	298
2760	136	129.32	264.20	298
2761	133	311.00	277.54	298
2762	118	343.84	332.33	298
2763	120	223.30	374.50	298
2764	114	445.70	413.79	298
2765	91	312.51	538.32	298
2766	133	472.52	126.16	299
2767	107	428.96	130.45	299
2768	139	130.95	260.07	299
2769	137	306.90	275.93	299
2770	124	342.51	331.40	299
2771	120	217.95	378.77	299
2772	111	446.16	410.39	299
2773	100	421.95	489.82	299
2774	100	315.96	538.31	299
2775	136	468.52	127.28	300
2776	121	428.68	132.57	300
2777	148	130.34	261.84	300
2778	144	307.75	276.25	300
2779	131	342.77	331.42	300
2780	135	218.66	377.50	300
2781	106	408.76	379.78	300
2782	127	449.25	411.59	300
2783	117	425.46	492.06	300
2784	114	321.56	540.90	300
